1000
1002124
1002164
10044
1008223
1008786
1009009
1009127
1009129
1009220
1009540
1009750
1009792
1009813
1009819
1009820
1009894
10627
10653
10680
10695
10760
1087
1138
11718
1190
1253
1265
13031
13032
13033
13099
1315
1330
1342
1415
1479
149
1500
1519
1541
1550
1639
1672
1700
1778
1784
1794
1958
19717
1986
20351
2064
21276
2172
2175
2176
2201
2229
22851
22862
22865
22867
22875
22895
22898
22899
22901
22903
22905
22906
22913
22914
22916
22919
22922
22925
23167
23193
23197
23231
23251
23259
23268
23289
23295
23299
23302
23303
23703
23870
24084
2469
2472
24721
2490
252
2534
2600
2605
2624
2667
2691
2693
2758
2853
30373
32880
370
406
422
463
568560
569639
570354
570891
571102
571222
571386
573697
614603
632319
66
682
684580
8062
830
8454
8455
866291
997618
