10250
10408
10550
10918
10919
11824
11917
12894
12992
20459
22313
22988
23737
23818
23949
2646
27193
28171
28377
28602
28872
28873
29208
29209
30056
31149
3163
3216
3448
3614
3654
3834
4342
4405
4961
5020
505825
5072
540584
541989
553875
561947
568544
570008
5795
5860
5878
5986
644203
6920
6951
7067
7104
7232
7375
7482
752446
752658
755756
7608
774907
7752
7770
7891
7928
7929
8276
8277
8278
8279
8280
8399
8402
8579
8621
8622
8623
865185
867194
8818
9200
9306
9307
9514
9564
9565
9566
9567
9569
9570
9571
9610
976876
985586
998156
998198
998297
998552
