1008506
1008556
1008559
1014244
10159
1018040
1018096
1018100
10226
10378
1039
10694
1070
10969
11739
12317
12779
12908
14115
14116
14437
15724
15781
15788
15794
15988
165
16763
20072
20289
2074
2133
22003
22473
2251
22660
22894
22936
22990
23009
23033
23040
23056
23222
2542
2659
27869
28554
28650
288
29266
2964
29678
30041
3056
3748
380
3915
4124
4280
4636
5077
5175
546500
5475
558071
559092
560588
561586
567290
568273
569346
569677
570485
570538
570935
571093
581024
581833
661
672
675902
6972
6980
7017
7041
7140
7176
753098
753260
753287
753946
754326
7895
7896
7914
7958
7972
8039
804
8145
8175
8176
8188
8409
861937
862631
862947
866132
866141
867168
867169
867193
867339
8830
8880
8881
8882
8884
9158
9166
9361
9382
9383
966800
973185
976280
978847
978852
979137
980057
984761
997089
999498
