1008680
1009733
1011695
10182
1022
1029
10614
10615
10616
1105
11327
11520
1153
11869
12558
1266
1367
1394
1565
1569
1747
1960
2286
23209
2352
241
2530
2697
2741
2784
28797
2894
30459
30460
30847
31451
31454
315
3432
34932
36111
36582
37906
38011
441
505297
567636
568662
569779
570213
5967
648
7173
7188
7575
7581
7988
8041
8177
8426
9124
924128
924129
924130
9437
961646
961648
961649
961657
961659
961660
961661
961673
961675
961678
961682
961683
961684
961685
961687
961693
961698
961706
961711
961713
961774
971
981
999549
